V=500, E=750
1 210 8 299 9 
2 119 9 317 9 297 1 
3 285 7 
4 489 3 
5 181 7 
6 197 6 493 1 473 9 
7 137 2 5 2 402 2 
8 189 8 
9 204 6 300 9 
10 447 3 201 9 379 4 
11 108 2 58 2 
12 
13 302 1 
14 410 8 327 8 
15 98 7 7 6 27 5 
16 
17 342 9 
18 210 8 477 4 
19 405 9 
20 367 2 
21 222 7 113 3 405 3 
22 444 4 158 6 
23 133 6 
24 441 5 404 3 
25 
26 77 6 203 5 
27 66 9 
28 239 5 
29 223 2 
30 14 3 280 6 
31 413 3 
32 33 8 1 4 402 6 
33 443 3 50 2 412 5 184 2 
34 291 1 
35 499 8 
36 10 2 
37 182 3 215 4 
38 463 7 113 7 316 4 
39 398 2 
40 457 5 127 5 174 6 
41 437 3 110 5 366 6 
42 
43 341 4 266 4 
44 
45 4 6 
46 167 1 322 7 
47 97 9 319 5 397 3 231 2 
48 204 7 
49 398 6 121 7 
50 346 3 122 6 
51 498 3 356 3 
52 4 7 
53 342 5 
54 445 2 357 7 
55 
56 306 8 161 9 250 1 
57 320 3 
58 488 2 
59 209 4 
60 277 7 
61 179 8 205 5 
62 4 5 
63 316 6 391 8 282 1 176 6 
64 211 7 
65 69 9 
66 308 9 
67 84 6 
68 247 9 
69 499 4 240 3 
70 74 4 
71 114 4 29 5 
72 297 3 308 3 
73 18 7 
74 344 1 190 7 
75 296 1 315 3 214 1 
76 381 8 
77 324 6 
78 
79 
80 119 9 71 5 
81 378 3 
82 489 5 24 7 277 3 
83 368 1 307 1 
84 
85 
86 329 6 240 1 
87 
88 432 9 
89 71 9 491 1 
90 322 9 305 5 
91 121 9 
92 54 1 223 6 
93 
94 465 2 
95 382 4 496 3 
96 
97 134 9 172 5 
98 259 6 
99 480 1 140 8 
100 206 6 11 5 366 5 290 3 
101 348 9 210 5 
102 315 7 
103 254 1 28 6 144 8 
104 
105 224 9 243 1 
106 
107 74 3 
108 
109 
110 437 2 318 3 
111 78 8 
112 223 7 
113 328 9 
114 143 1 
115 46 7 155 5 
116 258 6 
117 252 2 
118 252 8 7 7 
119 352 7 
120 327 1 472 7 9 8 
121 69 7 314 2 468 1 
122 
123 150 9 
124 77 6 327 5 
125 
126 308 2 28 9 
127 305 9 48 9 
128 363 4 32 6 
129 187 4 2 9 179 2 
130 
131 177 1 
132 
133 
134 70 8 
135 105 5 
136 22 5 233 3 
137 
138 22 4 
139 391 1 290 4 392 9 190 2 
140 391 2 
141 226 9 
142 
143 35 4 
144 391 9 8 5 38 2 407 1 422 8 
145 42 2 106 9 299 2 
146 136 9 
147 118 1 381 6 104 5 168 8 300 5 96 1 
148 
149 
150 263 4 
151 380 3 225 4 248 5 316 4 
152 306 2 
153 411 6 
154 497 2 
155 275 7 
156 
157 192 9 354 1 
158 212 9 
159 311 5 429 3 
160 133 5 204 2 424 7 
161 
162 163 5 
163 65 8 474 6 430 6 294 1 
164 
165 
166 83 9 235 3 
167 440 2 491 1 
168 298 7 
169 372 9 389 4 
170 273 1 267 6 410 1 
171 327 8 
172 409 8 
173 155 9 
174 
175 279 2 
176 409 8 341 7 194 6 424 4 162 9 
177 477 6 
178 485 2 
179 228 4 
180 
181 463 3 148 2 
182 
183 421 6 
184 118 2 
185 
186 
187 413 3 444 8 
188 451 4 157 3 
189 
190 95 8 113 9 344 6 
191 162 3 385 5 134 6 
192 249 1 
193 397 9 
194 
195 247 2 27 1 
196 
197 17 2 431 3 
198 262 9 146 9 
199 220 3 454 8 187 2 
200 322 9 
201 
202 377 4 
203 
204 139 9 304 9 
205 447 1 
206 34 5 
207 
208 
209 273 5 
210 
211 
212 187 2 
213 58 8 330 1 
214 58 5 181 3 
215 221 3 314 5 386 1 
216 67 6 132 3 
217 
218 348 5 
219 
220 466 2 108 8 299 6 224 3 460 1 
221 284 9 
222 485 1 
223 
224 239 1 
225 254 8 480 3 206 2 
226 
227 442 7 452 2 17 2 424 8 
228 417 7 
229 138 8 351 2 65 2 288 4 
230 248 2 98 5 
231 43 2 165 4 
232 276 7 74 8 
233 403 5 
234 305 8 
235 108 9 
236 
237 22 9 407 2 299 9 
238 
239 338 2 161 2 252 7 449 1 219 3 
240 114 5 133 5 
241 201 5 418 1 
242 149 8 453 3 
243 389 6 381 3 390 3 
244 285 2 65 9 
245 190 3 280 8 305 9 
246 433 5 381 2 
247 20 3 370 6 59 8 
248 221 4 214 9 
249 308 9 
250 
251 227 7 92 7 
252 401 9 
253 110 3 299 1 
254 53 8 
255 460 2 399 2 
256 498 8 
257 165 6 413 2 
258 236 9 494 6 
259 489 4 217 7 
260 405 4 126 5 
261 164 4 302 8 46 8 
262 312 3 463 4 113 8 180 4 
263 
264 
265 157 3 306 8 
266 353 9 
267 118 1 457 5 
268 233 6 
269 173 4 215 4 396 4 
270 279 1 26 6 253 7 
271 281 4 
272 129 5 180 8 
273 22 3 381 7 186 9 
274 462 9 
275 212 3 276 4 396 4 
276 20 4 
277 179 6 332 9 403 3 240 3 
278 88 5 136 4 
279 27 4 199 8 
280 354 6 328 2 417 3 485 3 
281 
282 333 8 480 2 204 2 
283 56 5 
284 
285 120 6 483 8 
286 
287 135 4 
288 
289 275 5 238 1 116 1 266 5 
290 
291 
292 
293 
294 
295 128 6 233 8 
296 425 8 267 9 490 1 94 3 220 6 
297 
298 161 5 
299 11 5 
300 60 3 366 7 
301 201 9 
302 
303 107 8 343 1 450 8 
304 164 2 91 8 145 1 248 6 
305 
306 29 4 
307 
308 
309 
310 138 8 
311 143 1 207 8 25 1 107 1 
312 149 1 492 2 
313 
314 359 8 
315 355 6 277 8 
316 296 3 
317 239 9 318 3 2 4 
318 
319 
320 201 3 
321 102 1 57 2 436 3 
322 371 2 99 1 
323 179 8 259 5 
324 427 3 
325 466 6 
326 118 4 
327 74 1 
328 36 6 454 7 
329 35 7 151 8 412 7 
330 415 1 
331 320 8 
332 464 5 
333 
334 331 9 
335 37 3 
336 358 8 
337 134 4 
338 493 5 215 7 
339 301 8 389 2 204 2 
340 491 3 278 9 294 5 
341 
342 
343 195 5 238 5 
344 82 5 214 3 255 7 
345 
346 389 1 
347 
348 446 1 
349 403 8 
350 261 6 
351 
352 215 9 479 7 233 3 
353 229 1 
354 315 5 
355 
356 75 2 292 1 148 3 
357 398 5 94 1 
358 498 7 
359 
360 403 8 410 7 482 2 289 4 
361 
362 368 4 389 5 
363 406 5 
364 288 7 
365 403 8 375 8 
366 261 1 
367 339 7 
368 148 9 316 6 181 2 
369 12 7 488 9 
370 325 1 485 8 98 3 208 8 140 4 
371 46 4 
372 494 2 
373 157 7 303 7 
374 19 1 181 5 283 2 
375 208 3 458 5 
376 469 3 268 2 382 2 38 5 
377 59 5 224 9 
378 360 9 
379 477 7 
380 53 8 202 6 
381 489 7 412 6 191 3 
382 293 9 294 6 379 7 
383 
384 321 8 182 9 
385 114 4 
386 10 7 
387 492 8 422 8 334 6 
388 6 2 
389 425 4 
390 366 2 462 2 
391 103 9 
392 371 4 
393 270 4 
394 75 6 
395 446 2 
396 14 4 
397 458 9 
398 
399 168 4 
400 435 4 161 9 375 5 
401 316 9 462 9 
402 442 6 
403 276 5 36 3 
404 248 1 
405 
406 
407 29 7 456 7 383 9 
408 464 9 
409 420 1 
410 
411 9 4 224 2 
412 405 2 202 7 260 8 229 3 
413 426 1 436 6 
414 138 2 301 9 90 6 
415 
416 10 9 281 1 473 6 
417 364 8 228 6 
418 
419 
420 80 2 137 2 470 9 175 6 
421 41 6 240 6 291 5 472 2 90 3 
422 411 1 467 3 153 5 387 5 408 3 
423 416 8 35 3 346 3 
424 485 1 123 1 248 2 
425 388 9 375 5 
426 324 7 300 7 
427 354 3 279 7 119 3 
428 
429 33 3 471 2 225 8 
430 412 9 
431 181 7 358 1 
432 402 4 
433 
434 98 5 273 6 237 9 
435 42 8 
436 3 2 304 7 213 6 
437 245 3 
438 84 7 
439 
440 
441 347 1 
442 336 5 
443 78 7 161 5 
444 
445 135 9 10 4 
446 25 5 
447 193 7 
448 72 3 
449 94 5 160 9 
450 493 3 186 6 
451 278 8 
452 
453 421 7 324 2 356 6 
454 397 6 196 1 
455 
456 133 9 200 8 
457 
458 175 1 418 1 
459 63 4 59 8 
460 47 4 77 5 
461 191 4 423 1 
462 332 2 335 6 
463 
464 88 3 
465 
466 
467 
468 329 9 335 2 346 1 
469 418 5 
470 356 1 187 7 
471 90 5 383 2 
472 
473 197 6 81 8 173 3 
474 277 3 393 5 
475 7 5 19 4 
476 
477 469 3 24 8 
478 163 8 141 3 221 6 
479 
480 80 8 
481 476 5 
482 
483 470 6 143 8 
484 
485 77 8 319 8 36 4 122 7 78 8 
486 
487 437 4 458 6 105 2 178 6 320 3 
488 48 6 111 5 
489 
490 239 8 124 4 212 8 
491 206 9 247 5 
492 338 8 
493 50 5 365 6 297 1 
494 332 5 171 8 
495 286 2 186 1 41 2 57 4 
496 
497 
498 286 4 
499 129 9 
500 
